1,0.88313,0.934015,0.843762,0.804604,0.696565,0.673585,0.465713,0.533835,0.677447,0.766144,0.59425,0.809359,0.737923,0.573342,0.854459,0.865694,0.657385,0.774149,0.841269,0.842789,0.734696,0.818142,0.787368,0.511534,0.572599,0.848713,0.73021,0.596742,0.417508,0.492567,0.755108,0.725318,0.863512,0.55921,0.421715,0.124187,0.772898,0.889221,0.814947,0.470288,0.684252,0.944446,0.82169,0.940953,0.757384,0.812486,0.861169,0.649822,0.660981,0.686323,0.754111,0.792459,0.700356,0.799269,0.871976,0.64478,0.859575,0.841276,0.422714,0.476636,0.687945,0.801996,0.855926,0.843462,0.562583,0.736296,0.814839,0.574897,0.661533,0.746675,0.779777,0.676024,0.551464,0.332034,0.775252,0.804585,0.499527,0.13847,0.135441,0.183859,0.815187,0.802242,0.131452,0.784325
0.88313,1,0.829432,0.719057,0.677558,0.642434,0.573665,0.461522,0.451245,0.572421,0.715551,0.524155,0.767982,0.77887,0.5364,0.855206,0.82099,0.52503,0.671418,0.731951,0.760876,0.634514,0.771855,0.737525,0.394222,0.510405,0.750602,0.602026,0.492879,0.376814,0.446356,0.618436,0.621661,0.731833,0.499138,0.389151,0.148412,0.587235,0.739085,0.693866,0.498935,0.575832,0.883821,0.877384,0.842244,0.654699,0.666591,0.692981,0.543381,0.581028,0.593276,0.659137,0.715992,0.588119,0.747633,0.851683,0.544073,0.816318,0.794681,0.348691,0.496843,0.561743,0.732898,0.780217,0.739619,0.520405,0.62123,0.772862,0.45515,0.60379,0.645861,0.716659,0.560232,0.433435,0.377616,0.648749,0.738547,0.509113,0.0345379,0.129733,0.0873743,0.733528,0.756563,0.232948,0.621445
0.934015,0.829432,1,0.858884,0.769918,0.716629,0.672564,0.575071,0.645776,0.762549,0.842739,0.613052,0.860333,0.682583,0.647931,0.835039,0.936156,0.706074,0.726972,0.879508,0.869206,0.718988,0.86083,0.811211,0.578595,0.652057,0.87745,0.753883,0.580754,0.468294,0.490266,0.810237,0.792706,0.902727,0.60039,0.508678,0.124158,0.717959,0.945632,0.891649,0.623598,0.680289,0.912588,0.8286,0.948457,0.760748,0.821903,0.84529,0.580131,0.614248,0.7714,0.781262,0.845408,0.722461,0.843364,0.848151,0.649001,0.835516,0.872201,0.602164,0.460302,0.743691,0.826901,0.865704,0.845489,0.624059,0.756419,0.857179,0.605482,0.600876,0.775918,0.793084,0.709584,0.608741,0.34359,0.837438,0.802617,0.492769,0.276108,0.1965,0.148431,0.886483,0.812648,0.178809,0.789674
0.843762,0.719057,0.858884,1,0.776165,0.581286,0.615557,0.388847,0.580566,0.715663,0.82583,0.582936,0.772692,0.52279,0.527945,0.724789,0.787873,0.534575,0.585789,0.736734,0.720793,0.578947,0.681823,0.672089,0.451482,0.480936,0.726257,0.659778,0.486203,0.410542,0.412399,0.600382,0.703081,0.768847,0.479356,0.393203,0.00854063,0.571774,0.805231,0.697074,0.407446,0.651689,0.797031,0.644724,0.815999,0.652029,0.721233,0.818455,0.491854,0.54894,0.580377,0.661788,0.720453,0.620781,0.720442,0.667459,0.555382,0.666578,0.738387,0.402056,0.376465,0.554815,0.632937,0.683789,0.673443,0.540215,0.766071,0.697228,0.512611,0.647848,0.574547,0.701632,0.528892,0.57345,0.299215,0.732505,0.667502,0.296481,0.239501,0.381656,0.00147361,0.751922,0.622773,0.139017,0.642143
0.804604,0.677558,0.769918,0.776165,1,0.794559,0.548512,0.338891,0.640006,0.545311,0.660416,0.573418,0.70513,0.476691,0.624991,0.750557,0.706607,0.689708,0.569657,0.709135,0.723273,0.532117,0.692685,0.763476,0.431144,0.649656,0.746125,0.652828,0.631666,0.585782,0.423774,0.622097,0.683268,0.658463,0.402273,0.583465,0.158825,0.635627,0.712484,0.706405,0.210947,0.597029,0.807051,0.663049,0.813898,0.756285,0.717784,0.802138,0.627607,0.664647,0.656923,0.579331,0.720785,0.626501,0.7599,0.626152,0.661417,0.656515,0.787295,0.422507,0.528296,0.727432,0.602872,0.766542,0.667449,0.4373,0.694801,0.717427,0.475146,0.616034,0.623748,0.706022,0.587043,0.400767,0.287547,0.706033,0.682987,0.461285,0.0666793,0.0656325,0.220675,0.688702,0.660946,0.197033,0.625686
0.696565,0.642434,0.716629,0.581286,0.794559,1,0.600533,0.602469,0.788969,0.555434,0.62176,0.702228,0.801642,0.580077,0.726967,0.794659,0.734379,0.842706,0.633237,0.750991,0.824821,0.472214,0.794315,0.843055,0.541348,0.740538,0.800556,0.696041,0.606728,0.612425,0.359662,0.678391,0.63158,0.562742,0.277486,0.660438,0.424792,0.577266,0.70487,0.672992,0.414055,0.447374,0.785005,0.776361,0.75612,0.713513,0.694123,0.63162,0.630408,0.605243,0.751584,0.627708,0.759278,0.753392,0.855552,0.661535,0.726165,0.761476,0.822551,0.483992,0.442958,0.833965,0.647927,0.804969,0.780876,0.608831,0.67592,0.808678,0.559266,0.636366,0.677902,0.630841,0.48726,0.28295,0.245285,0.63928,0.719367,0.53488,0.150188,0.0366328,0.293085,0.725575,0.662697,0.289777,0.552414
0.673585,0.573665,0.672564,0.615557,0.548512,0.600533,1,0.589176,0.450683,0.682622,0.696682,0.47072,0.676681,0.625841,0.462393,0.581285,0.616633,0.469381,0.529604,0.540682,0.615079,0.524382,0.641426,0.559944,0.598527,0.470276,0.625617,0.713882,0.41801,0.364847,0.353623,0.630324,0.635502,0.594307,0.345693,0.278363,-0.0163044,0.589386,0.635767,0.576079,0.447969,0.529631,0.662631,0.645506,0.620267,0.53516,0.485568,0.640895,0.646921,0.573065,0.57321,0.740558,0.635779,0.630085,0.718531,0.683777,0.47521,0.64609,0.573785,0.273871,0.327526,0.59377,0.581104,0.582866,0.617665,0.626941,0.529464,0.555624,0.515071,0.40208,0.715083,0.473689,0.411199,0.322557,0.0618803,0.491475,0.64075,0.412462,0.129027,-0.0290536,0.0514928,0.576061,0.667497,0.103134,0.586006
0.465713,0.461522,0.575071,0.388847,0.338891,0.602469,0.589176,1,0.602652,0.534231,0.571984,0.507174,0.627189,0.599021,0.532823,0.43538,0.587884,0.609886,0.383868,0.504592,0.606423,0.298918,0.642695,0.506737,0.584393,0.55704,0.482918,0.599045,0.239661,0.250686,0.0101105,0.490381,0.405741,0.430313,0.18722,0.250646,0.235739,0.365409,0.580078,0.51889,0.51624,0.311648,0.454505,0.563846,0.467983,0.257406,0.493749,0.48423,0.498108,0.60442,0.578058,0.462821,0.46215,0.515154,0.623122,0.602311,0.475306,0.483968,0.529257,0.441737,0.141911,0.515306,0.45851,0.560261,0.545215,0.641998,0.387187,0.581131,0.459881,0.426482,0.501298,0.394145,0.336357,0.264454,0.0150868,0.327914,0.399008,0.214485,0.241706,0.115473,-0.0199412,0.489097,0.450202,0.148154,0.414139
0.533835,0.451245,0.645776,0.580566,0.640006,0.788969,0.450683,0.602652,1,0.451625,0.527424,0.672057,0.677503,0.299864,0.785947,0.580245,0.651128,0.84398,0.402667,0.682466,0.714409,0.347256,0.774268,0.775501,0.532366,0.659407,0.68568,0.707396,0.421629,0.542727,0.193145,0.546496,0.516872,0.486959,0.161828,0.550218,0.278648,0.520249,0.656597,0.576846,0.484616,0.525104,0.628339,0.593215,0.67894,0.552402,0.674301,0.636334,0.461979,0.566009,0.707948,0.499634,0.599374,0.662615,0.767518,0.491132,0.754308,0.577926,0.709888,0.488913,0.272748,0.702375,0.508387,0.65893,0.644439,0.573555,0.616531,0.790679,0.401058,0.556179,0.546601,0.509361,0.443541,0.221259,0.325554,0.543393,0.440764,0.382489,0.271645,0.34482,0.0947488,0.708812,0.448842,0.260706,0.419093
0.677447,0.572421,0.762549,0.715663,0.545311,0.555434,0.682622,0.534231,0.451625,1,0.854285,0.487709,0.784591,0.532454,0.370836,0.674388,0.759772,0.503305,0.533723,0.640578,0.70172,0.555304,0.609476,0.603848,0.577333,0.3913,0.685288,0.551397,0.429945,0.480781,0.439294,0.601839,0.719433,0.751481,0.671515,0.27326,-0.0737398,0.559471,0.706719,0.700122,0.533452,0.605677,0.671078,0.685745,0.671943,0.550689,0.62157,0.648131,0.437253,0.49043,0.596947,0.800585,0.822846,0.650459,0.751091,0.641639,0.400119,0.689056,0.682251,0.554014,0.472595,0.586263,0.632884,0.645129,0.702615,0.727252,0.611813,0.603437,0.449447,0.582031,0.688907,0.65591,0.603415,0.558416,0.107587,0.632746,0.754064,0.270744,0.335637,0.244983,0.163992,0.655565,0.738266,0.282082,0.701702
0.766144,0.715551,0.842739,0.82583,0.660416,0.62176,0.696682,0.571984,0.527424,0.854285,1,0.53879,0.805706,0.605999,0.497183,0.750569,0.840946,0.477587,0.594907,0.700125,0.740825,0.598733,0.700469,0.657142,0.608046,0.515445,0.681953,0.656301,0.430229,0.473681,0.400552,0.681141,0.719552,0.796284,0.5636,0.35233,0.0286412,0.524897,0.761274,0.71058,0.567252,0.62102,0.760693,0.740262,0.756396,0.621774,0.648949,0.73721,0.539029,0.623869,0.591635,0.781907,0.823337,0.623033,0.772595,0.707574,0.509677,0.701781,0.720699,0.483847,0.450609,0.582817,0.671346,0.656379,0.710936,0.627306,0.677315,0.636461,0.49525,0.56504,0.683125,0.710068,0.584162,0.555942,0.222101,0.64476,0.757366,0.310607,0.280139,0.249016,-0.0199387,0.715515,0.709993,0.205964,0.661618
0.59425,0.524155,0.613052,0.582936,0.573418,0.702228,0.47072,0.507174,0.672057,0.487709,0.53879,1,0.835849,0.368201,0.618587,0.641534,0.729304,0.645642,0.480392,0.629036,0.669523,0.441939,0.639802,0.589279,0.404688,0.387277,0.657008,0.567015,0.564698,0.422945,0.247548,0.518987,0.572235,0.55679,0.28173,0.430828,0.10573,0.457726,0.587349,0.541599,0.493159,0.521289,0.673415,0.654865,0.586554,0.428762,0.711769,0.582401,0.390199,0.383721,0.630772,0.590979,0.601457,0.859367,0.784772,0.529754,0.524346,0.620975,0.680163,0.455776,0.403206,0.530959,0.523951,0.621701,0.62618,0.546361,0.596128,0.673293,0.373629,0.693368,0.466666,0.447872,0.437829,0.206795,0.29409,0.579871,0.588899,0.30444,-0.234371,0.205897,0.212869,0.466555,0.424246,0.260252,0.44572
0.809359,0.767982,0.860333,0.772692,0.70513,0.801642,0.676681,0.627189,0.677503,0.784591,0.805706,0.835849,1,0.65965,0.63961,0.84286,0.919731,0.709448,0.697056,0.823663,0.869225,0.654842,0.805682,0.773702,0.505588,0.541509,0.833444,0.699134,0.624889,0.540386,0.41465,0.718638,0.751488,0.75869,0.557048,0.482484,0.151573,0.609925,0.784465,0.761685,0.599704,0.613839,0.852259,0.859451,0.805433,0.636378,0.791936,0.739004,0.524418,0.540767,0.718347,0.815622,0.839199,0.887025,0.924667,0.764871,0.618693,0.849661,0.867916,0.568742,0.473715,0.705667,0.754978,0.832442,0.832173,0.718668,0.702289,0.812774,0.530887,0.744018,0.671977,0.686686,0.64687,0.464641,0.284599,0.743385,0.814273,0.42781,0.102859,0.215262,0.20191,0.719371,0.736986,0.292272,0.685605
0.737923,0.77887,0.682583,0.52279,0.476691,0.580077,0.625841,0.599021,0.299864,0.532454,0.605999,0.368201,0.65965,1,0.285179,0.699146,0.697279,0.46943,0.727301,0.616895,0.728769,0.587105,0.686237,0.539288,0.518441,0.469298,0.66184,0.57493,0.337283,0.207962,0.336757,0.626627,0.48527,0.616628,0.350847,0.230706,0.289768,0.540494,0.665892,0.61834,0.387185,0.34437,0.682855,0.746821,0.654407,0.544412,0.465698,0.529818,0.575085,0.535746,0.428698,0.627339,0.643805,0.558025,0.647543,0.865455,0.412149,0.777663,0.708392,0.33565,0.200325,0.557571,0.667235,0.704966,0.72234,0.574789,0.399498,0.563788,0.459509,0.510545,0.5598,0.605214,0.415761,0.458693,0.152102,0.514347,0.619535,0.388169,0.170946,0.0407749,0.0682373,0.633763,0.738617,-0.00549224,0.700131
0.573342,0.5364,0.647931,0.527945,0.624991,0.726967,0.462393,0.532823,0.785947,0.370836,0.497183,0.618587,0.63961,0.285179,1,0.510463,0.629349,0.767463,0.423059,0.656948,0.621298,0.299212,0.748554,0.754634,0.47787,0.755103,0.646625,0.618235,0.471285,0.554098,0.192958,0.579693,0.462028,0.485475,0.233342,0.586223,0.192614,0.525573,0.596108,0.586656,0.468472,0.465792,0.688539,0.64229,0.69818,0.612995,0.664301,0.636401,0.40405,0.591138,0.750275,0.431803,0.587204,0.58435,0.68083,0.537788,0.76726,0.55202,0.694587,0.348784,0.43497,0.62846,0.564248,0.65871,0.562816,0.418283,0.627766,0.829249,0.620847,0.440067,0.535045,0.587881,0.385044,0.272966,0.33608,0.568318,0.538242,0.335267,0.135349,0.172287,0.274152,0.635558,0.404741,0.350588,0.398622
0.854459,0.855206,0.835039,0.724789,0.750557,0.794659,0.581285,0.43538,0.580245,0.674388,0.750569,0.641534,0.84286,0.699146,0.510463,1,0.842099,0.662356,0.761931,0.85339,0.876791,0.69406,0.776316,0.820589,0.502252,0.541337,0.863761,0.695997,0.585747,0.437944,0.515022,0.693857,0.711983,0.792718,0.485066,0.535529,0.211887,0.609163,0.804989,0.773073,0.500449,0.590658,0.876265,0.843901,0.865349,0.697797,0.716232,0.695545,0.516118,0.506587,0.666315,0.794522,0.839962,0.728512,0.84733,0.768606,0.561146,0.901616,0.842724,0.502069,0.516157,0.727428,0.766897,0.857412,0.87505,0.596706,0.702374,0.790139,0.43015,0.73114,0.742701,0.750281,0.605635,0.441863,0.353208,0.737755,0.806677,0.517289,0.144788,0.0975957,0.191888,0.801916,0.8025,0.272785,0.693407
0.865694,0.82099,0.936156,0.787873,0.706607,0.734379,0.616633,0.587884,0.651128,0.759772,0.840946,0.729304,0.919731,0.697279,0.629349,0.842099,1,0.681133,0.697411,0.828375,0.860594,0.668213,0.851751,0.779287,0.587792,0.564265,0.860913,0.708084,0.518314,0.475417,0.454609,0.788712,0.783561,0.85344,0.606914,0.50805,0.133199,0.644396,0.870639,0.830953,0.659763,0.646539,0.892836,0.866179,0.880223,0.698673,0.78433,0.756364,0.545061,0.570516,0.736879,0.787791,0.860888,0.79655,0.879311,0.815859,0.575899,0.834319,0.882567,0.626482,0.500363,0.725536,0.785018,0.829127,0.823367,0.631876,0.715584,0.836096,0.554049,0.680568,0.733567,0.75915,0.667055,0.525038,0.350041,0.796017,0.828514,0.494671,0.117806,0.232058,0.159065,0.827097,0.772624,0.246111,0.770911
0.657385,0.52503,0.706074,0.534575,0.689708,0.842706,0.469381,0.609886,0.84398,0.503305,0.477587,0.645642,0.709448,0.46943,0.767463,0.662356,0.681133,1,0.575441,0.788928,0.807318,0.455679,0.806701,0.832876,0.610229,0.739245,0.785214,0.672928,0.588192,0.483449,0.369839,0.674393,0.58049,0.583503,0.264321,0.615501,0.346526,0.679672,0.727457,0.739563,0.424725,0.499483,0.712612,0.685864,0.758047,0.634446,0.690358,0.70065,0.494353,0.624394,0.815495,0.569799,0.685061,0.655031,0.759102,0.639764,0.77263,0.700241,0.778768,0.53676,0.372658,0.793941,0.669212,0.818361,0.766416,0.610705,0.597341,0.864451,0.516072,0.615892,0.634705,0.596432,0.490661,0.321973,0.324889,0.651369,0.579543,0.46032,0.263428,0.155913,0.375421,0.716055,0.584849,0.281613,0.596382
0.774149,0.671418,0.726972,0.585789,0.569657,0.633237,0.529604,0.383868,0.402667,0.533723,0.594907,0.480392,0.697056,0.727301,0.423059,0.761931,0.697411,0.575441,1,0.839528,0.874061,0.818709,0.694793,0.704286,0.465705,0.507901,0.736845,0.664391,0.546582,0.387319,0.460862,0.719556,0.61433,0.727835,0.42693,0.453222,0.376228,0.541395,0.734924,0.634078,0.377329,0.485303,0.720242,0.631329,0.74376,0.63999,0.581328,0.655442,0.434236,0.452095,0.517175,0.758542,0.737231,0.635331,0.660035,0.73172,0.516645,0.811984,0.751318,0.284455,0.232074,0.677186,0.878072,0.839412,0.890883,0.557409,0.607459,0.681236,0.57611,0.587095,0.602243,0.741637,0.560314,0.598206,0.356877,0.707412,0.673654,0.268663,0.290641,-0.0331448,0.254706,0.723982,0.702248,0.0304468,0.735845
0.841269,0.731951,0.879508,0.736734,0.709135,0.750991,0.540682,0.504592,0.682466,0.640578,0.700125,0.629036,0.823663,0.616895,0.656948,0.85339,0.828375,0.788928,0.839528,1,0.914585,0.771128,0.849188,0.872055,0.531685,0.649968,0.85801,0.721376,0.658287,0.44975,0.451697,0.790068,0.671589,0.81864,0.46959,0.623077,0.263303,0.636979,0.850869,0.798527,0.56178,0.669763,0.846521,0.760032,0.889738,0.722019,0.796857,0.779843,0.438144,0.556317,0.745386,0.783936,0.819501,0.714438,0.775311,0.754447,0.728405,0.855316,0.840894,0.491032,0.388541,0.797852,0.864794,0.92106,0.918449,0.597859,0.738639,0.892489,0.618917,0.69355,0.667942,0.787928,0.652033,0.587059,0.421548,0.816123,0.741507,0.397452,0.380258,0.181331,0.205435,0.834971,0.728536,0.157981,0.764012
0.842789,0.760876,0.869206,0.720793,0.723273,0.824821,0.615079,0.606423,0.714409,0.70172,0.740825,0.669523,0.869225,0.728769,0.621298,0.876791,0.860594,0.807318,0.874061,0.914585,1,0.75243,0.875657,0.860252,0.608912,0.667928,0.883318,0.793009,0.59511,0.53528,0.483547,0.77978,0.736802,0.811644,0.44979,0.528333,0.354303,0.687101,0.879062,0.801154,0.509231,0.634463,0.835138,0.795566,0.876051,0.717072,0.744109,0.79741,0.552862,0.616175,0.729362,0.815119,0.86268,0.783747,0.872926,0.815591,0.689297,0.901196,0.912444,0.530462,0.366707,0.798655,0.882111,0.933282,0.951741,0.715707,0.710165,0.85468,0.554688,0.724148,0.722524,0.794725,0.664746,0.572512,0.377138,0.7719,0.735751,0.386022,0.321125,0.163379,0.276249,0.862513,0.78173,0.161284,0.782785
0.734696,0.634514,0.718988,0.578947,0.532117,0.472214,0.524382,0.298918,0.347256,0.555304,0.598733,0.441939,0.654842,0.587105,0.299212,0.69406,0.668213,0.455679,0.818709,0.771128,0.75243,1,0.603302,0.645082,0.321584,0.419653,0.651313,0.610496,0.519461,0.38628,0.536797,0.635985,0.647178,0.704235,0.462966,0.363435,0.116511,0.528653,0.683881,0.617631,0.386129,0.602238,0.653551,0.561188,0.680904,0.543408,0.552204,0.6702,0.372554,0.405356,0.492908,0.810617,0.653307,0.560676,0.582814,0.642612,0.457079,0.710042,0.616456,0.246427,0.243078,0.593263,0.836834,0.712316,0.782438,0.485873,0.589237,0.600633,0.438598,0.448777,0.569312,0.645927,0.700378,0.559965,0.283924,0.616751,0.582875,0.26609,0.227923,-0.018994,0.16829,0.602753,0.673559,0.0221044,0.633477
0.818142,0.771855,0.86083,0.681823,0.692685,0.794315,0.641426,0.642695,0.774268,0.609476,0.700469,0.639802,0.805682,0.686237,0.748554,0.776316,0.851751,0.806701,0.694793,0.849188,0.875657,0.603302,1,0.858657,0.654447,0.678538,0.826862,0.753097,0.505972,0.500549,0.269397,0.753536,0.571359,0.7461,0.400236,0.523742,0.242848,0.719053,0.821875,0.777404,0.543922,0.642725,0.859448,0.845547,0.875379,0.712365,0.802302,0.759295,0.602859,0.68982,0.785609,0.687051,0.797272,0.745976,0.841067,0.802488,0.755599,0.829997,0.878843,0.495895,0.342362,0.807839,0.817533,0.865154,0.840771,0.628547,0.646162,0.900647,0.565125,0.624757,0.674313,0.707759,0.644445,0.412289,0.357121,0.675098,0.69938,0.442368,0.271433,0.237356,0.142125,0.836021,0.71761,0.0882247,0.714131
0.787368,0.737525,0.811211,0.672089,0.763476,0.843055,0.559944,0.506737,0.775501,0.603848,0.657142,0.589279,0.773702,0.539288,0.754634,0.820589,0.779287,0.832876,0.704286,0.872055,0.860252,0.645082,0.858657,1,0.584875,0.723948,0.839521,0.721318,0.591506,0.566237,0.422758,0.72715,0.640363,0.664137,0.396767,0.638147,0.340772,0.61824,0.785993,0.699211,0.495106,0.648507,0.852156,0.77573,0.871353,0.76124,0.751342,0.728746,0.613536,0.630257,0.780876,0.703236,0.784475,0.674008,0.802185,0.681694,0.750123,0.786965,0.820011,0.424565,0.467216,0.844244,0.78685,0.873067,0.83821,0.587585,0.715264,0.939737,0.614164,0.679904,0.716362,0.725296,0.577707,0.386432,0.376172,0.698327,0.720399,0.532249,0.279739,0.0824868,0.209497,0.82677,0.701489,0.266358,0.617728
0.511534,0.394222,0.578595,0.451482,0.431144,0.541348,0.598527,0.584393,0.532366,0.577333,0.608046,0.404688,0.505588,0.518441,0.47787,0.502252,0.587792,0.610229,0.465705,0.531685,0.608912,0.321584,0.654447,0.584875,1,0.531985,0.621988,0.631161,0.309346,0.273741,0.19205,0.618391,0.48858,0.585547,0.273125,0.351084,0.158762,0.517642,0.632336,0.577539,0.429783,0.426471,0.523632,0.534557,0.589099,0.494728,0.427124,0.50955,0.572223,0.620477,0.591704,0.596527,0.633511,0.476064,0.621999,0.587535,0.461955,0.555611,0.573607,0.456839,0.304919,0.626309,0.529672,0.574442,0.625146,0.650331,0.466507,0.574718,0.486753,0.458744,0.721682,0.496757,0.24005,0.296432,0.197547,0.486969,0.540511,0.306335,0.226506,0.0110525,0.170182,0.576937,0.527851,0.0650266,0.630051
0.572599,0.510405,0.652057,0.480936,0.649656,0.740538,0.470276,0.55704,0.659407,0.3913,0.515445,0.387277,0.541509,0.469298,0.755103,0.541337,0.564265,0.739245,0.507901,0.649968,0.667928,0.419653,0.678538,0.723948,0.531985,1,0.637913,0.553731,0.457525,0.524219,0.36069,0.580654,0.506405,0.467624,0.2183,0.58701,0.285753,0.502962,0.658175,0.675777,0.345692,0.357748,0.619044,0.587925,0.669027,0.669708,0.517935,0.606616,0.426141,0.576981,0.749493,0.424004,0.584688,0.446704,0.597591,0.607703,0.756988,0.541235,0.648915,0.393223,0.433336,0.677291,0.579381,0.700591,0.589461,0.429636,0.642059,0.725924,0.684383,0.409551,0.571727,0.645846,0.367712,0.320522,0.204465,0.618551,0.529163,0.363013,0.322338,-0.0254797,0.336894,0.675253,0.56514,0.248176,0.476198
0.848713,0.750602,0.87745,0.726257,0.746125,0.800556,0.625617,0.482918,0.68568,0.685288,0.681953,0.657008,0.833444,0.66184,0.646625,0.863761,0.860913,0.785214,0.736845,0.85801,0.883318,0.651313,0.826862,0.839521,0.621988,0.637913,1,0.767877,0.618315,0.598039,0.534273,0.766032,0.761197,0.822016,0.538187,0.586867,0.233477,0.717939,0.878021,0.857822,0.601071,0.636287,0.885765,0.825378,0.932252,0.816722,0.757766,0.724112,0.548687,0.513644,0.758009,0.804368,0.857335,0.802819,0.876185,0.806211,0.645686,0.915432,0.920352,0.62909,0.479338,0.831188,0.768429,0.891866,0.901095,0.651023,0.736855,0.860155,0.551126,0.645052,0.830844,0.730796,0.604997,0.514136,0.407238,0.829748,0.800825,0.511315,0.20309,0.0967554,0.379661,0.871976,0.810379,0.219228,0.775933
0.73021,0.602026,0.753883,0.659778,0.652828,0.696041,0.713882,0.599045,0.707396,0.551397,0.656301,0.567015,0.699134,0.57493,0.618235,0.695997,0.708084,0.672928,0.664391,0.721376,0.793009,0.610496,0.753097,0.721318,0.631161,0.553731,0.767877,1,0.426506,0.377925,0.319026,0.677931,0.637277,0.657472,0.225858,0.446421,0.267229,0.64097,0.820316,0.658016,0.444594,0.564424,0.677336,0.581901,0.771043,0.567554,0.631819,0.752879,0.632468,0.634541,0.62498,0.71587,0.629946,0.651819,0.763325,0.659258,0.628996,0.732502,0.721604,0.381687,0.156818,0.678476,0.6803,0.703708,0.782074,0.591617,0.673899,0.707501,0.451756,0.482821,0.763011,0.66309,0.533233,0.448194,0.288562,0.548677,0.51706,0.344303,0.285402,0.167811,0.0916672,0.752733,0.544719,0.0364323,0.586937
0.596742,0.492879,0.580754,0.486203,0.631666,0.606728,0.41801,0.239661,0.421629,0.429945,0.430229,0.564698,0.624889,0.337283,0.471285,0.585747,0.518314,0.588192,0.546582,0.658287,0.59511,0.519461,0.505972,0.591506,0.309346,0.457525,0.618315,0.426506,1,0.496972,0.466942,0.531368,0.623313,0.565801,0.37055,0.633635,0.152833,0.45725,0.551399,0.571089,0.293256,0.561743,0.611516,0.580792,0.608986,0.631082,0.566639,0.54882,0.347877,0.383906,0.626636,0.537329,0.534407,0.590286,0.602282,0.573497,0.635867,0.596743,0.605702,0.389716,0.463711,0.530023,0.624529,0.684258,0.643615,0.422222,0.491599,0.612683,0.388414,0.473902,0.463245,0.486112,0.461936,0.381344,0.536459,0.695801,0.640974,0.372106,0.0197674,-0.0573647,0.279647,0.484386,0.504187,0.205612,0.566839
0.417508,0.376814,0.468294,0.410542,0.585782,0.612425,0.364847,0.250686,0.542727,0.480781,0.473681,0.422945,0.540386,0.207962,0.554098,0.437944,0.475417,0.483449,0.387319,0.44975,0.53528,0.38628,0.500549,0.566237,0.273741,0.524219,0.598039,0.377925,0.496972,1,0.331034,0.371161,0.503338,0.392643,0.466697,0.466031,0.13532,0.355283,0.37714,0.475545,0.229677,0.469641,0.521884,0.508403,0.544988,0.679991,0.46928,0.452879,0.308871,0.364728,0.47365,0.496224,0.616119,0.586261,0.629784,0.369961,0.51157,0.506088,0.6385,0.369803,0.423984,0.583708,0.467858,0.541346,0.54263,0.414316,0.515057,0.50238,0.287643,0.336843,0.456856,0.447364,0.55523,0.321384,0.344744,0.50949,0.563056,0.149635,0.101125,-0.0394733,0.44596,0.502552,0.492789,0.265349,0.331612
0.492567,0.446356,0.490266,0.412399,0.423774,0.359662,0.353623,0.0101105,0.193145,0.439294,0.400552,0.247548,0.41465,0.336757,0.192958,0.515022,0.454609,0.369839,0.460862,0.451697,0.483547,0.536797,0.269397,0.422758,0.19205,0.36069,0.534273,0.319026,0.466942,0.331034,1,0.445029,0.701225,0.527004,0.374224,0.380258,0.0312913,0.392895,0.485922,0.471176,0.298658,0.495149,0.500135,0.443913,0.495232,0.590674,0.195396,0.441788,0.205865,0.166498,0.457092,0.577162,0.510838,0.302781,0.410978,0.475067,0.312567,0.467842,0.428002,0.319126,0.474435,0.361846,0.528369,0.42887,0.489844,0.330531,0.447581,0.384375,0.236063,0.263543,0.50246,0.434915,0.412149,0.386192,0.431924,0.604183,0.440578,0.496959,0.0645986,-0.00171323,0.328621,0.493189,0.521555,0.39975,0.438549
0.755108,0.618436,0.810237,0.600382,0.622097,0.678391,0.630324,0.490381,0.546496,0.601839,0.681141,0.518987,0.718638,0.626627,0.579693,0.693857,0.788712,0.674393,0.719556,0.790068,0.77978,0.635985,0.753536,0.72715,0.618391,0.580654,0.766032,0.677931,0.531368,0.371161,0.445029,1,0.674009,0.72221,0.392163,0.466883,0.1881,0.680562,0.788237,0.757725,0.50742,0.498431,0.795298,0.738246,0.80529,0.701366,0.603979,0.735558,0.583407,0.58209,0.668203,0.704274,0.774178,0.659028,0.725673,0.72394,0.558766,0.774869,0.768456,0.527684,0.310087,0.752159,0.740147,0.756278,0.760322,0.52836,0.530646,0.715945,0.578379,0.460442,0.711784,0.698477,0.48412,0.600644,0.168129,0.67128,0.722609,0.530588,0.255777,-0.0521926,0.295616,0.752606,0.699129,-0.0428456,0.768422
0.725318,0.621661,0.792706,0.703081,0.683268,0.63158,0.635502,0.405741,0.516872,0.719433,0.719552,0.572235,0.751488,0.48527,0.462028,0.711983,0.783561,0.58049,0.61433,0.671589,0.736802,0.647178,0.571359,0.640363,0.48858,0.506405,0.761197,0.637277,0.623313,0.503338,0.701225,0.674009,1,0.782335,0.551445,0.542239,-0.00344213,0.542726,0.769531,0.756773,0.511918,0.621349,0.710554,0.649267,0.737818,0.620211,0.529924,0.693802,0.429979,0.45112,0.694777,0.787157,0.733008,0.605792,0.745827,0.686274,0.463769,0.680729,0.699406,0.582041,0.591703,0.608904,0.684726,0.712915,0.707552,0.612612,0.694527,0.648878,0.487308,0.50525,0.771251,0.633251,0.511056,0.524607,0.376321,0.802226,0.721767,0.479373,0.12107,0.0415379,0.290481,0.711074,0.698599,0.368531,0.694331
0.863512,0.731833,0.902727,0.768847,0.658463,0.562742,0.594307,0.430313,0.486959,0.751481,0.796284,0.55679,0.75869,0.616628,0.485475,0.792718,0.85344,0.583503,0.727835,0.81864,0.811644,0.704235,0.7461,0.664137,0.585547,0.467624,0.822016,0.657472,0.565801,0.392643,0.527004,0.72221,0.782335,1,0.633476,0.42724,0.0277865,0.704333,0.864994,0.843998,0.633688,0.732061,0.821673,0.738142,0.86747,0.682113,0.737981,0.764954,0.432871,0.51713,0.667706,0.824792,0.855633,0.665554,0.757385,0.824653,0.514302,0.815087,0.795806,0.587697,0.514227,0.638308,0.792009,0.80315,0.822102,0.568665,0.642246,0.726422,0.482783,0.565816,0.763171,0.721116,0.687769,0.613515,0.431804,0.848192,0.760355,0.382635,0.230204,0.2141,0.152409,0.799834,0.787619,0.189361,0.852654
0.55921,0.499138,0.60039,0.479356,0.402273,0.277486,0.345693,0.18722,0.161828,0.671515,0.5636,0.28173,0.557048,0.350847,0.233342,0.485066,0.606914,0.264321,0.42693,0.46959,0.44979,0.462966,0.400236,0.396767,0.273125,0.2183,0.538187,0.225858,0.37055,0.466697,0.374224,0.392163,0.551445,0.633476,1,0.092922,-0.227029,0.413295,0.460793,0.590155,0.482017,0.45468,0.576808,0.5624,0.566466,0.531034,0.562339,0.471908,0.278746,0.268736,0.370817,0.567544,0.600277,0.47278,0.526065,0.446633,0.209233,0.500239,0.497694,0.461555,0.557622,0.321269,0.483288,0.508791,0.505584,0.407299,0.429732,0.419518,0.336134,0.441409,0.502502,0.435218,0.64025,0.349988,0.250404,0.564644,0.691163,0.256469,0.0725168,0.0278591,0.326613,0.424284,0.692199,0.290025,0.538051
0.421715,0.389151,0.508678,0.393203,0.583465,0.660438,0.278363,0.250646,0.550218,0.27326,0.35233,0.430828,0.482484,0.230706,0.586223,0.535529,0.50805,0.615501,0.453222,0.623077,0.528333,0.363435,0.523742,0.638147,0.351084,0.58701,0.586867,0.446421,0.633635,0.466031,0.380258,0.466883,0.542239,0.42724,0.092922,1,0.376838,0.222651,0.503026,0.494762,0.281364,0.401876,0.490745,0.441421,0.534629,0.56268,0.376585,0.339135,0.174977,0.273254,0.673109,0.404055,0.506778,0.398888,0.482935,0.420248,0.528114,0.452733,0.564683,0.389454,0.391534,0.706775,0.553212,0.615024,0.54972,0.292648,0.588778,0.657661,0.441155,0.326063,0.462379,0.529915,0.283675,0.305316,0.486498,0.675119,0.511785,0.413155,0.183662,-0.00500872,0.145205,0.597974,0.338523,0.316499,0.415775
0.124187,0.148412,0.124158,0.00854063,0.158825,0.424792,-0.0163044,0.235739,0.278648,-0.0737398,0.0286412,0.10573,0.151573,0.289768,0.192614,0.211887,0.133199,0.346526,0.376228,0.263303,0.354303,0.116511,0.242848,0.340772,0.158762,0.285753,0.233477,0.267229,0.152833,0.13532,0.0312913,0.1881,-0.00344213,0.0277865,-0.227029,0.376838,1,0.0640592,0.210413,0.0165137,0.0678743,-0.0827269,0.118444,0.118205,0.162796,0.256528,0.106658,0.0294041,0.323949,0.101937,0.0288884,0.08434,0.171758,0.169983,0.19163,0.181599,0.23565,0.231154,0.272401,0.0599552,-0.19067,0.366769,0.266764,0.306912,0.326859,0.173564,0.0671272,0.26064,0.163272,0.0971528,0.119136,0.135801,0.0691718,0.0670749,0.252594,0.164744,0.101231,0.197464,0.180822,-0.108152,-0.0135702,0.268414,0.134215,4.40068e-05,0.0769263
0.772898,0.587235,0.717959,0.571774,0.635627,0.577266,0.589386,0.365409,0.520249,0.559471,0.524897,0.457726,0.609925,0.540494,0.525573,0.609163,0.644396,0.679672,0.541395,0.636979,0.687101,0.528653,0.719053,0.61824,0.517642,0.502962,0.717939,0.64097,0.45725,0.355283,0.392895,0.680562,0.542726,0.704333,0.413295,0.222651,0.0640592,1,0.729656,0.755357,0.369597,0.569832,0.744494,0.676754,0.773285,0.617281,0.705365,0.788046,0.597375,0.608025,0.590165,0.61171,0.672757,0.62176,0.690534,0.734779,0.598295,0.748842,0.711537,0.387014,0.419673,0.594302,0.58652,0.704874,0.665833,0.498078,0.430121,0.655338,0.342879,0.451739,0.686326,0.539557,0.588765,0.300377,0.154217,0.562173,0.607133,0.422262,0.131615,0.148418,0.376786,0.628264,0.717706,0.0780956,0.704452
0.889221,0.739085,0.945632,0.805231,0.712484,0.70487,0.635767,0.580078,0.656597,0.706719,0.761274,0.587349,0.784465,0.665892,0.596108,0.804989,0.870639,0.727457,0.734924,0.850869,0.879062,0.683881,0.821875,0.785993,0.632336,0.658175,0.878021,0.820316,0.551399,0.37714,0.485922,0.788237,0.769531,0.864994,0.460793,0.503026,0.210413,0.729656,1,0.860918,0.577721,0.652416,0.834654,0.727405,0.915498,0.713649,0.776691,0.818307,0.593139,0.584784,0.758291,0.733035,0.763825,0.685475,0.789136,0.822065,0.654152,0.812962,0.83639,0.58122,0.369969,0.71934,0.794293,0.842082,0.850059,0.614757,0.757975,0.831832,0.596868,0.609268,0.776013,0.769335,0.625615,0.581483,0.337163,0.792903,0.697424,0.431398,0.324844,0.211397,0.173876,0.900736,0.736873,0.100162,0.791076
0.814947,0.693866,0.891649,0.697074,0.706405,0.672992,0.576079,0.51889,0.576846,0.700122,0.71058,0.541599,0.761685,0.61834,0.586656,0.773073,0.830953,0.739563,0.634078,0.798527,0.801154,0.617631,0.777404,0.699211,0.577539,0.675777,0.857822,0.658016,0.571089,0.475545,0.471176,0.757725,0.756773,0.843998,0.590155,0.494762,0.0165137,0.755357,0.860918,1,0.538679,0.531824,0.805734,0.773416,0.875569,0.70028,0.719684,0.766392,0.410248,0.540363,0.779334,0.693256,0.796137,0.661117,0.773567,0.793193,0.573358,0.804112,0.831694,0.696137,0.502669,0.695613,0.728823,0.832455,0.783807,0.528747,0.649982,0.76875,0.477534,0.516036,0.751708,0.732435,0.620985,0.555809,0.277999,0.787417,0.770202,0.400676,0.270478,0.120647,0.387288,0.800407,0.79837,0.188404,0.774391
0.470288,0.498935,0.623598,0.407446,0.210947,0.414055,0.447969,0.51624,0.484616,0.533452,0.567252,0.493159,0.599704,0.387185,0.468472,0.500449,0.659763,0.424725,0.377329,0.56178,0.509231,0.386129,0.543922,0.495106,0.429783,0.345692,0.601071,0.444594,0.293256,0.229677,0.298658,0.50742,0.511918,0.633688,0.482017,0.281364,0.0678743,0.369597,0.577721,0.538679,1,0.467402,0.575098,0.638115,0.567102,0.384721,0.54968,0.389646,0.257618,0.236777,0.505629,0.578972,0.548776,0.537044,0.585654,0.585543,0.349483,0.56648,0.503066,0.454433,0.35225,0.419259,0.469218,0.500459,0.547789,0.523334,0.396006,0.59816,0.395867,0.328164,0.582015,0.35645,0.343829,0.213959,0.34719,0.544493,0.540729,0.398956,0.148772,0.187939,-0.0410675,0.567729,0.571942,0.331736,0.460319
0.684252,0.575832,0.680289,0.651689,0.597029,0.447374,0.529631,0.311648,0.525104,0.605677,0.62102,0.521289,0.613839,0.34437,0.465792,0.590658,0.646539,0.499483,0.485303,0.669763,0.634463,0.602238,0.642725,0.648507,0.426471,0.357748,0.636287,0.564424,0.561743,0.469641,0.495149,0.498431,0.621349,0.732061,0.45468,0.401876,-0.0827269,0.569832,0.652416,0.531824,0.467402,1,0.681256,0.571967,0.700725,0.585319,0.667033,0.711426,0.458755,0.534814,0.594543,0.678317,0.634163,0.581046,0.617115,0.606143,0.582301,0.59779,0.610895,0.28112,0.531353,0.537062,0.635995,0.635662,0.646752,0.493402,0.563672,0.665854,0.332368,0.60558,0.530683,0.521707,0.659082,0.367797,0.504928,0.630259,0.536689,0.27224,0.118595,0.289353,0.0178254,0.622087,0.52633,0.201669,0.64027
0.944446,0.883821,0.912588,0.797031,0.807051,0.785005,0.662631,0.454505,0.628339,0.671078,0.760693,0.673415,0.852259,0.682855,0.688539,0.876265,0.892836,0.712612,0.720242,0.846521,0.835138,0.653551,0.859448,0.852156,0.523632,0.619044,0.885765,0.677336,0.611516,0.521884,0.500135,0.795298,0.710554,0.821673,0.576808,0.490745,0.118444,0.744494,0.834654,0.805734,0.575098,0.681256,1,0.919328,0.950375,0.819334,0.829299,0.820581,0.628048,0.62991,0.744604,0.746193,0.851753,0.774826,0.864741,0.841387,0.682035,0.879694,0.886196,0.472843,0.569341,0.746834,0.773602,0.858147,0.831182,0.566375,0.719182,0.871921,0.588878,0.692124,0.751265,0.760063,0.638093,0.460116,0.3606,0.788022,0.855448,0.590359,0.0796344,0.118069,0.24408,0.826926,0.823812,0.236723,0.73489
0.82169,0.877384,0.8286,0.644724,0.663049,0.776361,0.645506,0.563846,0.593215,0.685745,0.740262,0.654865,0.859451,0.746821,0.64229,0.843901,0.866179,0.685864,0.631329,0.760032,0.795566,0.561188,0.845547,0.77573,0.534557,0.587925,0.825378,0.581901,0.580792,0.508403,0.443913,0.738246,0.649267,0.738142,0.5624,0.441421,0.118205,0.676754,0.727405,0.773416,0.638115,0.571967,0.919328,1,0.840951,0.730792,0.741898,0.687519,0.568278,0.594072,0.734162,0.723473,0.834045,0.765299,0.878962,0.866067,0.618906,0.879928,0.874331,0.532608,0.562951,0.691353,0.732511,0.813218,0.793508,0.668245,0.575413,0.817357,0.49327,0.62472,0.701302,0.689741,0.573465,0.382064,0.317572,0.68433,0.836386,0.581503,0.0708766,0.131335,0.230248,0.743886,0.840218,0.310928,0.680436
0.940953,0.842244,0.948457,0.815999,0.813898,0.75612,0.620267,0.467983,0.67894,0.671943,0.756396,0.586554,0.805433,0.654407,0.69818,0.865349,0.880223,0.758047,0.74376,0.889738,0.876051,0.680904,0.875379,0.871353,0.589099,0.669027,0.932252,0.771043,0.608986,0.544988,0.495232,0.80529,0.737818,0.86747,0.566466,0.534629,0.162796,0.773285,0.915498,0.875569,0.567102,0.700725,0.950375,0.840951,1,0.830467,0.824735,0.856646,0.602372,0.655004,0.756236,0.747425,0.842197,0.71615,0.842791,0.837389,0.71206,0.88578,0.90639,0.522004,0.489986,0.776157,0.808051,0.895761,0.876166,0.577576,0.754376,0.890955,0.569228,0.639957,0.801398,0.803676,0.667469,0.555472,0.424513,0.820309,0.802683,0.509521,0.245933,0.146939,0.269592,0.909001,0.806674,0.173511,0.782389
0.757384,0.654699,0.760748,0.652029,0.756285,0.713513,0.53516,0.257406,0.552402,0.550689,0.621774,0.428762,0.636378,0.544412,0.612995,0.697797,0.698673,0.634446,0.63999,0.722019,0.717072,0.543408,0.712365,0.76124,0.494728,0.669708,0.816722,0.567554,0.631082,0.679991,0.590674,0.701366,0.620211,0.682113,0.531034,0.56268,0.256528,0.617281,0.713649,0.70028,0.384721,0.585319,0.819334,0.730792,0.830467,1,0.651231,0.650909,0.584909,0.470951,0.634403,0.636384,0.781553,0.656617,0.732209,0.674224,0.6526,0.723043,0.794157,0.496805,0.491584,0.708796,0.687748,0.739964,0.744097,0.424974,0.64551,0.719817,0.536536,0.485718,0.642241,0.672554,0.605147,0.499756,0.477591,0.762635,0.757781,0.529454,0.18505,0.047839,0.321457,0.780358,0.737814,0.163768,0.647943
0.812486,0.666591,0.821903,0.721233,0.717784,0.694123,0.485568,0.493749,0.674301,0.62157,0.648949,0.711769,0.791936,0.465698,0.664301,0.716232,0.78433,0.690358,0.581328,0.796857,0.744109,0.552204,0.802302,0.751342,0.427124,0.517935,0.757766,0.631819,0.566639,0.46928,0.195396,0.603979,0.529924,0.737981,0.562339,0.376585,0.106658,0.705365,0.776691,0.719684,0.54968,0.667033,0.829299,0.741898,0.824735,0.651231,1,0.76425,0.586849,0.558702,0.663384,0.61282,0.69915,0.780996,0.779623,0.657161,0.68779,0.731697,0.77996,0.470598,0.453943,0.628957,0.641107,0.777643,0.742522,0.535798,0.653689,0.810076,0.513973,0.691139,0.567414,0.607373,0.723972,0.320588,0.299667,0.656474,0.690427,0.311719,0.136893,0.284989,0.155995,0.674967,0.656216,0.150126,0.617768
0.861169,0.692981,0.84529,0.818455,0.802138,0.63162,0.640895,0.48423,0.636334,0.648131,0.73721,0.582401,0.739004,0.529818,0.636401,0.695545,0.756364,0.70065,0.655442,0.779843,0.79741,0.6702,0.759295,0.728746,0.50955,0.606616,0.724112,0.752879,0.54882,0.452879,0.441788,0.735558,0.693802,0.764954,0.471908,0.339135,0.0294041,0.788046,0.818307,0.766392,0.389646,0.711426,0.820581,0.687519,0.856646,0.650909,0.76425,1,0.59185,0.756676,0.653252,0.673533,0.716864,0.640061,0.755577,0.721054,0.693803,0.712184,0.76767,0.34966,0.39705,0.614657,0.727494,0.774054,0.736578,0.560442,0.650834,0.739805,0.487385,0.621655,0.648192,0.740222,0.660524,0.51883,0.307071,0.678625,0.629107,0.307595,0.209062,0.186387,0.235525,0.726097,0.684425,0.122307,0.694019
0.649822,0.543381,0.580131,0.491854,0.627607,0.630408,0.646921,0.498108,0.461979,0.437253,0.539029,0.390199,0.524418,0.575085,0.40405,0.516118,0.545061,0.494353,0.434236,0.438144,0.552862,0.372554,0.602859,0.613536,0.572223,0.426141,0.548687,0.632468,0.347877,0.308871,0.205865,0.583407,0.429979,0.432871,0.278746,0.174977,0.323949,0.597375,0.593139,0.410248,0.257618,0.458755,0.628048,0.568278,0.602372,0.584909,0.586849,0.59185,1,0.690625,0.401134,0.483793,0.483684,0.523184,0.62828,0.56076,0.489549,0.530526,0.545158,0.218319,0.264724,0.538137,0.44352,0.521658,0.533778,0.50408,0.389433,0.515491,0.41426,0.439976,0.581727,0.359893,0.425488,0.123948,0.0843249,0.309398,0.510321,0.516086,-0.000105535,-0.0818016,0.0359858,0.483021,0.557972,-0.0447714,0.475258
0.660981,0.581028,0.614248,0.54894,0.664647,0.605243,0.573065,0.60442,0.566009,0.49043,0.623869,0.383721,0.540767,0.535746,0.591138,0.506587,0.570516,0.624394,0.452095,0.556317,0.616175,0.405356,0.68982,0.630257,0.620477,0.576981,0.513644,0.634541,0.383906,0.364728,0.166498,0.58209,0.45112,0.51713,0.268736,0.273254,0.101937,0.608025,0.584784,0.540363,0.236777,0.534814,0.62991,0.594072,0.655004,0.470951,0.558702,0.756676,0.690625,1,0.541723,0.461646,0.531944,0.377668,0.586286,0.639414,0.706403,0.541027,0.608083,0.138676,0.31821,0.52484,0.556956,0.580925,0.572191,0.50457,0.511441,0.618182,0.466192,0.488068,0.545704,0.618632,0.405064,0.327122,0.180502,0.362434,0.477731,0.288624,0.235852,0.140721,0.125922,0.530551,0.477785,0.117657,0.578415
0.686323,0.593276,0.7714,0.580377,0.656923,0.751584,0.57321,0.578058,0.707948,0.596947,0.591635,0.630772,0.718347,0.428698,0.750275,0.666315,0.736879,0.815495,0.517175,0.745386,0.729362,0.492908,0.785609,0.780876,0.591704,0.749493,0.758009,0.62498,0.626636,0.47365,0.457092,0.668203,0.694777,0.667706,0.370817,0.673109,0.0288884,0.590165,0.758291,0.779334,0.505629,0.594543,0.744604,0.734162,0.756236,0.634403,0.663384,0.653252,0.401134,0.541723,1,0.6074,0.683889,0.614411,0.730453,0.674461,0.687777,0.653697,0.734874,0.606907,0.526192,0.757495,0.705759,0.759283,0.704463,0.584546,0.719498,0.848548,0.62224,0.511094,0.697306,0.658754,0.508743,0.378177,0.268142,0.705012,0.640877,0.512069,0.231276,0.136392,0.282844,0.731299,0.599269,0.286099,0.592223
0.754111,0.659137,0.781262,0.661788,0.579331,0.627708,0.740558,0.462821,0.499634,0.800585,0.781907,0.590979,0.815622,0.627339,0.431803,0.794522,0.787791,0.569799,0.758542,0.783936,0.815119,0.810617,0.687051,0.703236,0.596527,0.424004,0.804368,0.71587,0.537329,0.496224,0.577162,0.704274,0.787157,0.824792,0.567544,0.404055,0.08434,0.61171,0.733035,0.693256,0.578972,0.678317,0.746193,0.723473,0.747425,0.636384,0.61282,0.673533,0.483793,0.461646,0.6074,1,0.864049,0.734213,0.801363,0.718932,0.498713,0.839741,0.72979,0.49251,0.449028,0.702606,0.782239,0.76013,0.856456,0.715316,0.639575,0.668415,0.488455,0.568512,0.80382,0.625724,0.665999,0.536167,0.302856,0.714507,0.748854,0.401983,0.217369,0.0685586,0.207241,0.675401,0.781748,0.235733,0.731018
0.792459,0.715992,0.845408,0.720453,0.720785,0.759278,0.635779,0.46215,0.599374,0.822846,0.823337,0.601457,0.839199,0.643805,0.587204,0.839962,0.860888,0.685061,0.737231,0.819501,0.86268,0.653307,0.797272,0.784475,0.633511,0.584688,0.857335,0.629946,0.534407,0.616119,0.510838,0.774178,0.733008,0.855633,0.600277,0.506778,0.171758,0.672757,0.763825,0.796137,0.548776,0.634163,0.851753,0.834045,0.842197,0.781553,0.69915,0.716864,0.483684,0.531944,0.683889,0.864049,1,0.775555,0.872435,0.765518,0.551768,0.869874,0.881591,0.595445,0.54943,0.804722,0.780747,0.839767,0.850733,0.669484,0.640824,0.766683,0.523135,0.632937,0.772098,0.768413,0.658209,0.584704,0.300356,0.814054,0.861932,0.440386,0.252747,0.138782,0.293939,0.80693,0.846615,0.286331,0.79644
0.700356,0.588119,0.722461,0.620781,0.626501,0.753392,0.630085,0.515154,0.662615,0.650459,0.623033,0.859367,0.887025,0.558025,0.58435,0.728512,0.79655,0.655031,0.635331,0.714438,0.783747,0.560676,0.745976,0.674008,0.476064,0.446704,0.802819,0.651819,0.590286,0.586261,0.302781,0.659028,0.605792,0.665554,0.47278,0.398888,0.169983,0.62176,0.685475,0.661117,0.537044,0.581046,0.774826,0.765299,0.71615,0.656617,0.780996,0.640061,0.523184,0.377668,0.614411,0.734213,0.775555,1,0.910052,0.660977,0.526928,0.797446,0.8187,0.552885,0.385699,0.694189,0.639298,0.761688,0.778076,0.636782,0.560329,0.707292,0.401829,0.685248,0.595325,0.546438,0.617856,0.356238,0.268483,0.67713,0.749349,0.365376,-0.0586654,0.127338,0.257528,0.643498,0.683296,0.158495,0.632253
0.799269,0.747633,0.843364,0.720442,0.7599,0.855552,0.718531,0.623122,0.767518,0.751091,0.772595,0.784772,0.924667,0.647543,0.68083,0.84733,0.879311,0.759102,0.660035,0.775311,0.872926,0.582814,0.841067,0.802185,0.621999,0.597591,0.876185,0.763325,0.602282,0.629784,0.410978,0.725673,0.745827,0.757385,0.526065,0.482935,0.19163,0.690534,0.789136,0.773567,0.585654,0.617115,0.864741,0.878962,0.842791,0.732209,0.779623,0.755577,0.62828,0.586286,0.730453,0.801363,0.872435,0.910052,1,0.781007,0.623286,0.864769,0.905489,0.608461,0.494269,0.771015,0.721489,0.844352,0.848934,0.763359,0.658724,0.809384,0.445953,0.682855,0.777859,0.685505,0.641415,0.405018,0.325479,0.739419,0.814772,0.510767,0.0733551,0.137613,0.234289,0.785612,0.806692,0.308297,0.686151
0.871976,0.851683,0.848151,0.667459,0.626152,0.661535,0.683777,0.602311,0.491132,0.641639,0.707574,0.529754,0.764871,0.865455,0.537788,0.768606,0.815859,0.639764,0.73172,0.754447,0.815591,0.642612,0.802488,0.681694,0.587535,0.607703,0.806211,0.659258,0.573497,0.369961,0.475067,0.72394,0.686274,0.824653,0.446633,0.420248,0.181599,0.734779,0.822065,0.793193,0.585543,0.606143,0.841387,0.866067,0.837389,0.674224,0.657161,0.721054,0.56076,0.639414,0.674461,0.718932,0.765518,0.660977,0.781007,1,0.610943,0.871903,0.841491,0.439121,0.452163,0.641814,0.778722,0.834708,0.819752,0.664313,0.565944,0.767913,0.523292,0.546641,0.72022,0.72562,0.520775,0.513111,0.356205,0.738027,0.748666,0.469731,0.170421,0.144197,0.148695,0.786502,0.810869,0.192057,0.817191
0.64478,0.544073,0.649001,0.555382,0.661417,0.726165,0.47521,0.475306,0.754308,0.400119,0.509677,0.524346,0.618693,0.412149,0.76726,0.561146,0.575899,0.77263,0.516645,0.728405,0.689297,0.457079,0.755599,0.750123,0.461955,0.756988,0.645686,0.628996,0.635867,0.51157,0.312567,0.558766,0.463769,0.514302,0.209233,0.528114,0.23565,0.598295,0.654152,0.573358,0.349483,0.582301,0.682035,0.618906,0.71206,0.6526,0.68779,0.693803,0.489549,0.706403,0.687777,0.498713,0.551768,0.526928,0.623286,0.610943,1,0.623167,0.672923,0.277034,0.358657,0.607876,0.613944,0.681674,0.660182,0.437861,0.650011,0.775596,0.601958,0.539637,0.501216,0.591355,0.502908,0.289737,0.427254,0.577032,0.48022,0.333614,0.317919,0.245027,0.214232,0.630935,0.453115,0.199631,0.520658
0.859575,0.816318,0.835516,0.666578,0.656515,0.761476,0.64609,0.483968,0.577926,0.689056,0.701781,0.620975,0.849661,0.777663,0.55202,0.901616,0.834319,0.700241,0.811984,0.855316,0.901196,0.710042,0.829997,0.786965,0.555611,0.541235,0.915432,0.732502,0.596743,0.506088,0.467842,0.774869,0.680729,0.815087,0.500239,0.452733,0.231154,0.748842,0.812962,0.804112,0.56648,0.59779,0.879694,0.879928,0.88578,0.723043,0.731697,0.712184,0.530526,0.541027,0.653697,0.839741,0.869874,0.797446,0.864769,0.871903,0.623167,1,0.902666,0.495744,0.420135,0.746329,0.804058,0.885894,0.927638,0.680378,0.627381,0.797909,0.474687,0.647312,0.773027,0.742696,0.610644,0.532058,0.335789,0.737688,0.81508,0.471226,0.234005,0.130233,0.30395,0.815775,0.829457,0.166329,0.794526
0.841276,0.794681,0.872201,0.738387,0.787295,0.822551,0.573785,0.529257,0.709888,0.682251,0.720699,0.680163,0.867916,0.708392,0.694587,0.842724,0.882567,0.778768,0.751318,0.840894,0.912444,0.616456,0.878843,0.820011,0.573607,0.648915,0.920352,0.721604,0.605702,0.6385,0.428002,0.768456,0.699406,0.795806,0.497694,0.564683,0.272401,0.711537,0.83639,0.831694,0.503066,0.610895,0.886196,0.874331,0.90639,0.794157,0.77996,0.76767,0.545158,0.608083,0.734874,0.72979,0.881591,0.8187,0.905489,0.841491,0.672923,0.902666,1,0.601005,0.445973,0.804976,0.806053,0.901687,0.879655,0.675589,0.675563,0.856745,0.510854,0.655886,0.697505,0.812366,0.642167,0.558033,0.378097,0.788377,0.77312,0.408052,0.219747,0.200281,0.317404,0.863556,0.789322,0.203748,0.774282
0.422714,0.348691,0.602164,0.402056,0.422507,0.483992,0.273871,0.441737,0.488913,0.554014,0.483847,0.455776,0.568742,0.33565,0.348784,0.502069,0.626482,0.53676,0.284455,0.491032,0.530462,0.246427,0.495895,0.424565,0.456839,0.393223,0.62909,0.381687,0.389716,0.369803,0.319126,0.527684,0.582041,0.587697,0.461555,0.389454,0.0599552,0.387014,0.58122,0.696137,0.454433,0.28112,0.472843,0.532608,0.522004,0.496805,0.470598,0.34966,0.218319,0.138676,0.606907,0.49251,0.595445,0.552885,0.608461,0.439121,0.277034,0.495744,0.601005,1,0.361343,0.545642,0.387516,0.5327,0.495455,0.430043,0.36177,0.468479,0.259028,0.326373,0.548264,0.387317,0.465724,0.402144,0.154136,0.596908,0.490299,0.398555,0.167973,0.0896361,0.265608,0.527161,0.547669,0.118555,0.491331
0.476636,0.496843,0.460302,0.376465,0.528296,0.442958,0.327526,0.141911,0.272748,0.472595,0.450609,0.403206,0.473715,0.200325,0.43497,0.516157,0.500363,0.372658,0.232074,0.388541,0.366707,0.243078,0.342362,0.467216,0.304919,0.433336,0.479338,0.156818,0.463711,0.423984,0.474435,0.310087,0.591703,0.514227,0.557622,0.391534,-0.19067,0.419673,0.369969,0.502669,0.35225,0.531353,0.569341,0.562951,0.489986,0.491584,0.453943,0.39705,0.264724,0.31821,0.526192,0.449028,0.54943,0.385699,0.494269,0.452163,0.358657,0.420135,0.445973,0.361343,1,0.35478,0.310674,0.491551,0.348212,0.295179,0.452344,0.50411,0.36577,0.504779,0.517051,0.36884,0.324732,0.0293658,0.267855,0.56976,0.643286,0.374902,-0.220669,-0.0510427,0.373359,0.350366,0.543269,0.609816,0.426009
0.687945,0.561743,0.743691,0.554815,0.727432,0.833965,0.59377,0.515306,0.702375,0.586263,0.582817,0.530959,0.705667,0.557571,0.62846,0.727428,0.725536,0.793941,0.677186,0.797852,0.798655,0.593263,0.807839,0.844244,0.626309,0.677291,0.831188,0.678476,0.530023,0.583708,0.361846,0.752159,0.608904,0.638308,0.321269,0.706775,0.366769,0.594302,0.71934,0.695613,0.419259,0.537062,0.746834,0.691353,0.776157,0.708796,0.628957,0.614657,0.538137,0.52484,0.757495,0.702606,0.804722,0.694189,0.771015,0.641814,0.607876,0.746329,0.804976,0.545642,0.35478,1,0.729218,0.840094,0.798161,0.604289,0.602458,0.796519,0.579703,0.51217,0.739002,0.653078,0.553633,0.415243,0.202456,0.711056,0.688439,0.50576,0.287988,-0.092279,0.263731,0.778773,0.71866,0.129284,0.675091
0.801996,0.732898,0.826901,0.632937,0.602872,0.647927,0.581104,0.45851,0.508387,0.632884,0.671346,0.523951,0.754978,0.667235,0.564248,0.766897,0.785018,0.669212,0.878072,0.864794,0.882111,0.836834,0.817533,0.78685,0.529672,0.579381,0.768429,0.6803,0.624529,0.467858,0.528369,0.740147,0.684726,0.792009,0.483288,0.553212,0.266764,0.58652,0.794293,0.728823,0.469218,0.635995,0.773602,0.732511,0.808051,0.687748,0.641107,0.727494,0.44352,0.556956,0.705759,0.782239,0.780747,0.639298,0.721489,0.778722,0.613944,0.804058,0.806053,0.387516,0.310674,0.729218,1,0.850416,0.890873,0.624939,0.658598,0.796767,0.582556,0.518812,0.633604,0.786418,0.688251,0.623048,0.453497,0.742858,0.693551,0.340465,0.331534,0.0783843,0.214538,0.790919,0.712318,0.140885,0.740903
0.855926,0.780217,0.865704,0.683789,0.766542,0.804969,0.582866,0.560261,0.65893,0.645129,0.656379,0.621701,0.832442,0.704966,0.65871,0.857412,0.829127,0.818361,0.839412,0.92106,0.933282,0.712316,0.865154,0.873067,0.574442,0.700591,0.891866,0.703708,0.684258,0.541346,0.42887,0.756278,0.712915,0.80315,0.508791,0.615024,0.306912,0.704874,0.842082,0.832455,0.500459,0.635662,0.858147,0.813218,0.895761,0.739964,0.777643,0.774054,0.521658,0.580925,0.759283,0.76013,0.839767,0.761688,0.844352,0.834708,0.681674,0.885894,0.901687,0.5327,0.491551,0.840094,0.850416,1,0.916366,0.662283,0.66421,0.895971,0.59308,0.717179,0.729892,0.762976,0.641267,0.510743,0.401311,0.837122,0.795454,0.42509,0.233816,0.0282945,0.318355,0.833195,0.824555,0.207172,0.807214
0.843462,0.739619,0.845489,0.673443,0.667449,0.780876,0.617665,0.545215,0.644439,0.702615,0.710936,0.62618,0.832173,0.72234,0.562816,0.87505,0.823367,0.766416,0.890883,0.918449,0.951741,0.782438,0.840771,0.83821,0.625146,0.589461,0.901095,0.782074,0.643615,0.54263,0.489844,0.760322,0.707552,0.822102,0.505584,0.54972,0.326859,0.665833,0.850059,0.783807,0.547789,0.646752,0.831182,0.793508,0.876166,0.744097,0.742522,0.736578,0.533778,0.572191,0.704463,0.856456,0.850733,0.778076,0.848934,0.819752,0.660182,0.927638,0.879655,0.495455,0.348212,0.798161,0.890873,0.916366,1,0.728874,0.71786,0.830486,0.521065,0.677433,0.763044,0.774716,0.675689,0.580239,0.437467,0.772551,0.776032,0.405007,0.329007,0.118438,0.266387,0.843044,0.78657,0.164168,0.780963
0.562583,0.520405,0.624059,0.540215,0.4373,0.608831,0.626941,0.641998,0.573555,0.727252,0.627306,0.546361,0.718668,0.574789,0.418283,0.596706,0.631876,0.610705,0.557409,0.597859,0.715707,0.485873,0.628547,0.587585,0.650331,0.429636,0.651023,0.591617,0.422222,0.414316,0.330531,0.52836,0.612612,0.568665,0.407299,0.292648,0.173564,0.498078,0.614757,0.528747,0.523334,0.493402,0.566375,0.668245,0.577576,0.424974,0.535798,0.560442,0.50408,0.50457,0.584546,0.715316,0.669484,0.636782,0.763359,0.664313,0.437861,0.680378,0.675589,0.430043,0.295179,0.604289,0.624939,0.662283,0.728874,1,0.520148,0.602359,0.419615,0.530322,0.635167,0.513375,0.402158,0.358658,0.143368,0.516937,0.572316,0.28765,0.287435,0.156658,0.147212,0.582047,0.655742,0.25465,0.574531
0.736296,0.62123,0.756419,0.766071,0.694801,0.67592,0.529464,0.387187,0.616531,0.611813,0.677315,0.596128,0.702289,0.399498,0.627766,0.702374,0.715584,0.597341,0.607459,0.738639,0.710165,0.589237,0.646162,0.715264,0.466507,0.642059,0.736855,0.673899,0.491599,0.515057,0.447581,0.530646,0.694527,0.642246,0.429732,0.588778,0.0671272,0.430121,0.757975,0.649982,0.396006,0.563672,0.719182,0.575413,0.754376,0.64551,0.653689,0.650834,0.389433,0.511441,0.719498,0.639575,0.640824,0.560329,0.658724,0.565944,0.650011,0.627381,0.675563,0.36177,0.452344,0.602458,0.658598,0.66421,0.71786,0.520148,1,0.745188,0.669207,0.601291,0.644969,0.756929,0.47929,0.510905,0.302847,0.697672,0.651981,0.331828,0.266325,0.249729,0.24545,0.716791,0.503022,0.252597,0.539538
0.814839,0.772862,0.857179,0.697228,0.717427,0.808678,0.555624,0.581131,0.790679,0.603437,0.636461,0.673293,0.812774,0.563788,0.829249,0.790139,0.836096,0.864451,0.681236,0.892489,0.85468,0.600633,0.900647,0.939737,0.574718,0.725924,0.860155,0.707501,0.612683,0.50238,0.384375,0.715945,0.648878,0.726422,0.419518,0.657661,0.26064,0.655338,0.831832,0.76875,0.59816,0.665854,0.871921,0.817357,0.890955,0.719817,0.810076,0.739805,0.515491,0.618182,0.848548,0.668415,0.766683,0.707292,0.809384,0.767913,0.775596,0.797909,0.856745,0.468479,0.50411,0.796519,0.796767,0.895971,0.830486,0.602359,0.745188,1,0.654984,0.684791,0.691797,0.740366,0.560018,0.410017,0.429748,0.76277,0.729236,0.482214,0.235949,0.211046,0.220055,0.845774,0.680442,0.315721,0.674088
0.574897,0.45515,0.605482,0.512611,0.475146,0.559266,0.515071,0.459881,0.401058,0.449447,0.49525,0.373629,0.530887,0.459509,0.620847,0.43015,0.554049,0.516072,0.57611,0.618917,0.554688,0.438598,0.565125,0.614164,0.486753,0.684383,0.551126,0.451756,0.388414,0.287643,0.236063,0.578379,0.487308,0.482783,0.336134,0.441155,0.163272,0.342879,0.596868,0.477534,0.395867,0.332368,0.588878,0.49327,0.569228,0.536536,0.513973,0.487385,0.41426,0.466192,0.62224,0.488455,0.523135,0.401829,0.445953,0.523292,0.601958,0.474687,0.510854,0.259028,0.36577,0.579703,0.582556,0.59308,0.521065,0.419615,0.669207,0.654984,1,0.44138,0.499022,0.573908,0.238066,0.413043,0.0690936,0.5778,0.545931,0.282748,0.310806,-0.022152,0.226668,0.535832,0.466029,0.10613,0.53847
0.661533,0.60379,0.600876,0.647848,0.616034,0.636366,0.40208,0.426482,0.556179,0.582031,0.56504,0.693368,0.744018,0.510545,0.440067,0.73114,0.680568,0.615892,0.587095,0.69355,0.724148,0.448777,0.624757,0.679904,0.458744,0.409551,0.645052,0.482821,0.473902,0.336843,0.263543,0.460442,0.50525,0.565816,0.441409,0.326063,0.0971528,0.451739,0.609268,0.516036,0.328164,0.60558,0.692124,0.62472,0.639957,0.485718,0.691139,0.621655,0.439976,0.488068,0.511094,0.568512,0.632937,0.685248,0.682855,0.546641,0.539637,0.647312,0.655886,0.326373,0.504779,0.51217,0.518812,0.717179,0.677433,0.530322,0.601291,0.684791,0.44138,1,0.430328,0.551548,0.432471,0.243518,0.280624,0.577041,0.626171,0.229148,0.00259552,0.242228,0.191868,0.544926,0.536114,0.225654,0.597517
0.746675,0.645861,0.775918,0.574547,0.623748,0.677902,0.715083,0.501298,0.546601,0.688907,0.683125,0.466666,0.671977,0.5598,0.535045,0.742701,0.733567,0.634705,0.602243,0.667942,0.722524,0.569312,0.674313,0.716362,0.721682,0.571727,0.830844,0.763011,0.463245,0.456856,0.50246,0.711784,0.771251,0.763171,0.502502,0.462379,0.119136,0.686326,0.776013,0.751708,0.582015,0.530683,0.751265,0.701302,0.801398,0.642241,0.567414,0.648192,0.581727,0.545704,0.697306,0.80382,0.772098,0.595325,0.777859,0.72022,0.501216,0.773027,0.697505,0.548264,0.517051,0.739002,0.633604,0.729892,0.763044,0.635167,0.644969,0.691797,0.499022,0.430328,1,0.623256,0.503827,0.389115,0.248471,0.700075,0.742933,0.599069,0.163155,-0.126468,0.330089,0.735647,0.771606,0.273858,0.668064
0.779777,0.716659,0.793084,0.701632,0.706022,0.630841,0.473689,0.394145,0.509361,0.65591,0.710068,0.447872,0.686686,0.605214,0.587881,0.750281,0.75915,0.596432,0.741637,0.787928,0.794725,0.645927,0.707759,0.725296,0.496757,0.645846,0.730796,0.66309,0.486112,0.447364,0.434915,0.698477,0.633251,0.721116,0.435218,0.529915,0.135801,0.539557,0.769335,0.732435,0.35645,0.521707,0.760063,0.689741,0.803676,0.672554,0.607373,0.740222,0.359893,0.618632,0.658754,0.625724,0.768413,0.546438,0.685505,0.72562,0.591355,0.742696,0.812366,0.387317,0.36884,0.653078,0.786418,0.762976,0.774716,0.513375,0.756929,0.740366,0.573908,0.551548,0.623256,1,0.520858,0.733455,0.292619,0.723457,0.694599,0.303381,0.38592,0.213741,0.237633,0.812,0.645265,0.194107,0.734239
0.676024,0.560232,0.709584,0.528892,0.587043,0.48726,0.411199,0.336357,0.443541,0.603415,0.584162,0.437829,0.64687,0.415761,0.385044,0.605635,0.667055,0.490661,0.560314,0.652033,0.664746,0.700378,0.644445,0.577707,0.24005,0.367712,0.604997,0.533233,0.461936,0.55523,0.412149,0.48412,0.511056,0.687769,0.64025,0.283675,0.0691718,0.588765,0.625615,0.620985,0.343829,0.659082,0.638093,0.573465,0.667469,0.605147,0.723972,0.660524,0.425488,0.405064,0.508743,0.665999,0.658209,0.617856,0.641415,0.520775,0.502908,0.610644,0.642167,0.465724,0.324732,0.553633,0.688251,0.641267,0.675689,0.402158,0.47929,0.560018,0.238066,0.432471,0.503827,0.520858,1,0.400668,0.330176,0.566714,0.535094,0.262677,0.17437,0.14907,0.161044,0.565153,0.632587,0.114968,0.52082
0.551464,0.433435,0.608741,0.57345,0.400767,0.28295,0.322557,0.264454,0.221259,0.558416,0.555942,0.206795,0.464641,0.458693,0.272966,0.441863,0.525038,0.321973,0.598206,0.587059,0.572512,0.559965,0.412289,0.386432,0.296432,0.320522,0.514136,0.448194,0.381344,0.321384,0.386192,0.600644,0.524607,0.613515,0.349988,0.305316,0.0670749,0.300377,0.581483,0.555809,0.213959,0.367797,0.460116,0.382064,0.555472,0.499756,0.320588,0.51883,0.123948,0.327122,0.378177,0.536167,0.584704,0.356238,0.405018,0.513111,0.289737,0.532058,0.558033,0.402144,0.0293658,0.415243,0.623048,0.510743,0.580239,0.358658,0.510905,0.410017,0.413043,0.243518,0.389115,0.733455,0.400668,1,0.195778,0.581238,0.470984,0.102646,0.491279,0.214305,0.164914,0.600913,0.407972,-0.101839,0.646971
0.332034,0.377616,0.34359,0.299215,0.287547,0.245285,0.0618803,0.0150868,0.325554,0.107587,0.222101,0.29409,0.284599,0.152102,0.33608,0.353208,0.350041,0.324889,0.356877,0.421548,0.377138,0.283924,0.357121,0.376172,0.197547,0.204465,0.407238,0.288562,0.536459,0.344744,0.431924,0.168129,0.376321,0.431804,0.250404,0.486498,0.252594,0.154217,0.337163,0.277999,0.34719,0.504928,0.3606,0.317572,0.424513,0.477591,0.299667,0.307071,0.0843249,0.180502,0.268142,0.302856,0.300356,0.268483,0.325479,0.356205,0.427254,0.335789,0.378097,0.154136,0.267855,0.202456,0.453497,0.401311,0.437467,0.143368,0.302847,0.429748,0.0690936,0.280624,0.248471,0.292619,0.330176,0.195778,1,0.547573,0.301375,0.18561,-0.0221351,0.180872,0.0305608,0.427321,0.227674,0.356427,0.293952
0.775252,0.648749,0.837438,0.732505,0.706033,0.63928,0.491475,0.327914,0.543393,0.632746,0.64476,0.579871,0.743385,0.514347,0.568318,0.737755,0.796017,0.651369,0.707412,0.816123,0.7719,0.616751,0.675098,0.698327,0.486969,0.618551,0.829748,0.548677,0.695801,0.50949,0.604183,0.67128,0.802226,0.848192,0.564644,0.675119,0.164744,0.562173,0.792903,0.787417,0.544493,0.630259,0.788022,0.68433,0.820309,0.762635,0.656474,0.678625,0.309398,0.362434,0.705012,0.714507,0.814054,0.67713,0.739419,0.738027,0.577032,0.737688,0.788377,0.596908,0.56976,0.711056,0.742858,0.837122,0.772551,0.516937,0.697672,0.76277,0.5778,0.577041,0.700075,0.723457,0.566714,0.581238,0.547573,1,0.7832,0.466752,0.173398,0.0889073,0.283175,0.804258,0.736618,0.343579,0.781248
0.804585,0.738547,0.802617,0.667502,0.682987,0.719367,0.64075,0.399008,0.440764,0.754064,0.757366,0.588899,0.814273,0.619535,0.538242,0.806677,0.828514,0.579543,0.673654,0.741507,0.735751,0.582875,0.69938,0.720399,0.540511,0.529163,0.800825,0.51706,0.640974,0.563056,0.440578,0.722609,0.721767,0.760355,0.691163,0.511785,0.101231,0.607133,0.697424,0.770202,0.540729,0.536689,0.855448,0.836386,0.802683,0.757781,0.690427,0.629107,0.510321,0.477731,0.640877,0.748854,0.861932,0.749349,0.814772,0.748666,0.48022,0.81508,0.77312,0.490299,0.643286,0.688439,0.693551,0.795454,0.776032,0.572316,0.651981,0.729236,0.545931,0.626171,0.742933,0.694599,0.535094,0.470984,0.301375,0.7832,1,0.513523,0.0436247,-0.0326223,0.32906,0.708016,0.822753,0.311933,0.746865
0.499527,0.509113,0.492769,0.296481,0.461285,0.53488,0.412462,0.214485,0.382489,0.270744,0.310607,0.30444,0.42781,0.388169,0.335267,0.517289,0.494671,0.46032,0.268663,0.397452,0.386022,0.26609,0.442368,0.532249,0.306335,0.363013,0.511315,0.344303,0.372106,0.149635,0.496959,0.530588,0.479373,0.382635,0.256469,0.413155,0.197464,0.422262,0.431398,0.400676,0.398956,0.27224,0.590359,0.581503,0.509521,0.529454,0.311719,0.307595,0.516086,0.288624,0.512069,0.401983,0.440386,0.365376,0.510767,0.469731,0.333614,0.471226,0.408052,0.398555,0.374902,0.50576,0.340465,0.42509,0.405007,0.28765,0.331828,0.482214,0.282748,0.229148,0.599069,0.303381,0.262677,0.102646,0.18561,0.466752,0.513523,1,-0.0689131,-0.104766,0.0596436,0.466305,0.528714,0.259282,0.369883
0.13847,0.0345379,0.276108,0.239501,0.0666793,0.150188,0.129027,0.241706,0.271645,0.335637,0.280139,-0.234371,0.102859,0.170946,0.135349,0.144788,0.117806,0.263428,0.290641,0.380258,0.321125,0.227923,0.271433,0.279739,0.226506,0.322338,0.20309,0.285402,0.0197674,0.101125,0.0645986,0.255777,0.12107,0.230204,0.0725168,0.183662,0.180822,0.131615,0.324844,0.270478,0.148772,0.118595,0.0796344,0.0708766,0.245933,0.18505,0.136893,0.209062,-0.000105535,0.235852,0.231276,0.217369,0.252747,-0.0586654,0.0733551,0.170421,0.317919,0.234005,0.219747,0.167973,-0.220669,0.287988,0.331534,0.233816,0.329007,0.287435,0.266325,0.235949,0.310806,0.00259552,0.163155,0.38592,0.17437,0.491279,-0.0221351,0.173398,0.0436247,-0.0689131,1,0.357363,-0.0888522,0.429208,0.181217,-0.0938393,0.270843
0.135441,0.129733,0.1965,0.381656,0.0656325,0.0366328,-0.0290536,0.115473,0.34482,0.244983,0.249016,0.205897,0.215262,0.0407749,0.172287,0.0975957,0.232058,0.155913,-0.0331448,0.181331,0.163379,-0.018994,0.237356,0.0824868,0.0110525,-0.0254797,0.0967554,0.167811,-0.0573647,-0.0394733,-0.00171323,-0.0521926,0.0415379,0.2141,0.0278591,-0.00500872,-0.108152,0.148418,0.211397,0.120647,0.187939,0.289353,0.118069,0.131335,0.146939,0.047839,0.284989,0.186387,-0.0818016,0.140721,0.136392,0.0685586,0.138782,0.127338,0.137613,0.144197,0.245027,0.130233,0.200281,0.0896361,-0.0510427,-0.092279,0.0783843,0.0282945,0.118438,0.156658,0.249729,0.211046,-0.022152,0.242228,-0.126468,0.213741,0.14907,0.214305,0.180872,0.0889073,-0.0326223,-0.104766,0.357363,1,-0.335867,0.243179,-0.0709322,0.116472,0.138283
0.183859,0.0873743,0.148431,0.00147361,0.220675,0.293085,0.0514928,-0.0199412,0.0947488,0.163992,-0.0199387,0.212869,0.20191,0.0682373,0.274152,0.191888,0.159065,0.375421,0.254706,0.205435,0.276249,0.16829,0.142125,0.209497,0.170182,0.336894,0.379661,0.0916672,0.279647,0.44596,0.328621,0.295616,0.290481,0.152409,0.326613,0.145205,-0.0135702,0.376786,0.173876,0.387288,-0.0410675,0.0178254,0.24408,0.230248,0.269592,0.321457,0.155995,0.235525,0.0359858,0.125922,0.282844,0.207241,0.293939,0.257528,0.234289,0.148695,0.214232,0.30395,0.317404,0.265608,0.373359,0.263731,0.214538,0.318355,0.266387,0.147212,0.24545,0.220055,0.226668,0.191868,0.330089,0.237633,0.161044,0.164914,0.0305608,0.283175,0.32906,0.0596436,-0.0888522,-0.335867,1,0.12676,0.276441,0.15368,0.243699
0.815187,0.733528,0.886483,0.751922,0.688702,0.725575,0.576061,0.489097,0.708812,0.655565,0.715515,0.466555,0.719371,0.633763,0.635558,0.801916,0.827097,0.716055,0.723982,0.834971,0.862513,0.602753,0.836021,0.82677,0.576937,0.675253,0.871976,0.752733,0.484386,0.502552,0.493189,0.752606,0.711074,0.799834,0.424284,0.597974,0.268414,0.628264,0.900736,0.800407,0.567729,0.622087,0.826926,0.743886,0.909001,0.780358,0.674967,0.726097,0.483021,0.530551,0.731299,0.675401,0.80693,0.643498,0.785612,0.786502,0.630935,0.815775,0.863556,0.527161,0.350366,0.778773,0.790919,0.833195,0.843044,0.582047,0.716791,0.845774,0.535832,0.544926,0.735647,0.812,0.565153,0.600913,0.427321,0.804258,0.708016,0.466305,0.429208,0.243179,0.12676,1,0.739457,0.19345,0.747666
0.802242,0.756563,0.812648,0.622773,0.660946,0.662697,0.667497,0.450202,0.448842,0.738266,0.709993,0.424246,0.736986,0.738617,0.404741,0.8025,0.772624,0.584849,0.702248,0.728536,0.78173,0.673559,0.71761,0.701489,0.527851,0.56514,0.810379,0.544719,0.504187,0.492789,0.521555,0.699129,0.698599,0.787619,0.692199,0.338523,0.134215,0.717706,0.736873,0.79837,0.571942,0.52633,0.823812,0.840218,0.806674,0.737814,0.656216,0.684425,0.557972,0.477785,0.599269,0.781748,0.846615,0.683296,0.806692,0.810869,0.453115,0.829457,0.789322,0.547669,0.543269,0.71866,0.712318,0.824555,0.78657,0.655742,0.503022,0.680442,0.466029,0.536114,0.771606,0.645265,0.632587,0.407972,0.227674,0.736618,0.822753,0.528714,0.181217,-0.0709322,0.276441,0.739457,1,0.250539,0.755183
0.131452,0.232948,0.178809,0.139017,0.197033,0.289777,0.103134,0.148154,0.260706,0.282082,0.205964,0.260252,0.292272,-0.00549224,0.350588,0.272785,0.246111,0.281613,0.0304468,0.157981,0.161284,0.0221044,0.0882247,0.266358,0.0650266,0.248176,0.219228,0.0364323,0.205612,0.265349,0.39975,-0.0428456,0.368531,0.189361,0.290025,0.316499,4.40068e-05,0.0780956,0.100162,0.188404,0.331736,0.201669,0.236723,0.310928,0.173511,0.163768,0.150126,0.122307,-0.0447714,0.117657,0.286099,0.235733,0.286331,0.158495,0.308297,0.192057,0.199631,0.166329,0.203748,0.118555,0.609816,0.129284,0.140885,0.207172,0.164168,0.25465,0.252597,0.315721,0.10613,0.225654,0.273858,0.194107,0.114968,-0.101839,0.356427,0.343579,0.311933,0.259282,-0.0938393,0.116472,0.15368,0.19345,0.250539,1,0.0478404
0.784325,0.621445,0.789674,0.642143,0.625686,0.552414,0.586006,0.414139,0.419093,0.701702,0.661618,0.44572,0.685605,0.700131,0.398622,0.693407,0.770911,0.596382,0.735845,0.764012,0.782785,0.633477,0.714131,0.617728,0.630051,0.476198,0.775933,0.586937,0.566839,0.331612,0.438549,0.768422,0.694331,0.852654,0.538051,0.415775,0.0769263,0.704452,0.791076,0.774391,0.460319,0.64027,0.73489,0.680436,0.782389,0.647943,0.617768,0.694019,0.475258,0.578415,0.592223,0.731018,0.79644,0.632253,0.686151,0.817191,0.520658,0.794526,0.774282,0.491331,0.426009,0.675091,0.740903,0.807214,0.780963,0.574531,0.539538,0.674088,0.53847,0.597517,0.668064,0.734239,0.52082,0.646971,0.293952,0.781248,0.746865,0.369883,0.270843,0.138283,0.243699,0.747666,0.755183,0.0478404,1